4294967279,12
4294967279,10
4294967278,36
4294967278,35
4294967278,34
4294967278,33
4294967278,32
4294967278,288
4294967278,31
4294967278,30
4294967278,29
4294967278,28
4294967278,27
4294967278,26
4294967278,25
4294967278,24
4294967278,23
4294967278,22
4294967278,21
4294967278,20
4294967278,19
4294967278,18
4294967278,17
4294967278,16
4294967278,15
4294967278,14
4294967278,13
4294967278,12
4294967278,11
4294967278,10
4294967279,124
4294967279,122
4294967279,117
4294967279,116
4294967279,115
4294967279,114
4294967279,113
4294967279,112
4294967279,111
4294967279,110
4294967279,293
4294967279,25
4294967279,23
4294967279,22
4294967279,20
4294967279,19
4294967279,18
4294967279,16
4294967279,14
4294967279,225
4294967278,223
4294967279,223
4294967278,392
4294967279,475
4294967278,417
4294967279,277
4294967278,399
203,6
203,5
203,4
203,3
203,2
203,1
4294967294,392
4294967294,390
4294967279,474
4294967278,386
4294967294,965
4294967294,966
4294967279,178
4294967278,176
4294967294,179
4294967294,456
4294967294,391
200,4
200,3
200,2
200,1
199,5
199,4
199,3
199,2
199,1
4294967294,430
4294967278,369
4294967278,293
198,6
4294967278,416
198,5
198,4
198,3
198,2
198,1
4294967279,296
4294967278,363
4294967279,430
4294967278,349
4294967279,419
4294967294,30
4294967294,948
4294967294,947
4294967294,945
4294967294,944
4294967294,939
4294967294,928
4294967294,902
4294967294,900
4294967294,899
4294967294,898
4294967294,897
4294967294,60
4294967294,12
4294967278,275
4294967279,270
4294967279,265
4294967278,261
4294967278,286
4294967279,473
4294967279,389
4294967279,249
4294967278,253
197,6
197,5
197,4
197,3
197,2
197,1
4294967279,247
4294967279,242
4294967278,241
4294967279,240
4294967279,241
4294967279,232
4294967278,228
194,4
194,3
194,2
194,1
4294967278,218
4294967279,407
193,5
193,4
193,3
193,2
193,1
4294967279,210
4294967278,397
192,6
192,5
192,4
192,3
192,2
192,1
4294967279,458
4294967278,373
4294967278,415
4294967279,403
4294967279,402
4294967278,260
4294967278,334
4294967279,472
4294967278,183
4294967279,182
4294967278,178
4294967278,177
4294967294,396
4294967279,314
191,6
191,5
4294967278,167
191,4
191,3
191,2
191,1
4294967278,166
4294967294,905
4294967294,176
4294967279,471
4294967278,292
188,4
188,3
188,2
188,1
4294967279,420
4294967278,390
4294967279,470
4294967279,469
187,5
187,4
187,3
187,2
187,1
4294967278,322
186,6
186,5
186,4
186,3
186,2
186,1
4294967278,274
4294967279,274
4294967278,320
4294967278,393
4294967279,386
4294967278,340
4294967278,316
4294967279,318
4294967279,413
4294967279,253
4294967278,252
4294967278,250
4294967278,245
4294967278,395
4294967278,383
4294967278,335
4294967278,384
4294967279,235
4294967279,468
185,6
185,5
185,4
185,3
185,2
185,1
4294967279,221
4294967279,450
4294967279,456
4294967278,303
182,4
182,3
182,2
182,1
4294967279,441
4294967294,421
4294967294,455
4294967294,453
4294967294,450
4294967294,968
181,5
181,4
181,3
181,2
181,1
180,6
180,5
180,4
180,3
180,2
180,1
4294967279,183
4294967294,387
4294967278,179
4294967278,414
4294967278,413
4294967278,162
4294967278,161
4294967279,162
4294967279,161
179,6
179,5
179,4
179,3
179,2
179,1
4294967278,367
4294967278,350
4294967278,150
4294967279,148
4294967278,380
4294967278,144
4294967279,294
4294967279,141
176,4
176,3
176,2
176,1
4294967278,394
4294967279,138
175,5
4294967278,135
175,4
175,3
175,2
175,1
4294967279,291
4294967278,271
4294967279,388
174,6
4294967294,108
4294967294,416
4294967294,448
4294967294,463
4294967294,116
4294967279,289
174,5
4294967278,266
4294967278,265
174,4
174,3
174,2
174,1
4294967279,262
4294967278,379
4294967279,415
4294967278,377
4294967279,252
4294967278,374
4294967279,251
4294967278,248
4294967279,248
4294967279,448
4294967278,244
4294967278,242
4294967279,243
4294967279,237
4294967278,240
173,6
173,5
173,4
173,3
173,2
173,1
4294967294,38
4294967294,37
4294967279,213
170,4
170,3
170,2
170,1
4294967279,409
4294967279,408
169,5
169,4
169,3
169,2
169,1
168,6
4294967278,338
4294967279,455
168,5
4294967279,197
168,4
168,3
168,2
168,1
4294967294,911
4294967294,186
4294967294,907
4294967294,957
4294967294,441
4294967279,447
4294967278,182
4294967279,179
4294967278,333
4294967278,171
4294967279,171
4294967279,170
4294967278,165
167,6
167,5
167,4
167,3
167,2
167,1
4294967278,375
4294967279,164
4294967279,445
4294967278,153
164,4
164,3
164,2
164,1
4294967278,391
4294967294,0
4294967278,290
163,5
163,4
163,3
163,2
163,1
4294967294,113
4294967294,397
162,6
4294967294,388
4294967278,388
162,5
162,4
162,3
162,2
162,1
4294967279,418
4294967294,115
4294967279,271
4294967278,267
4294967294,185
4294967294,912
4294967279,284
4294967278,257
4294967279,259
4294967278,319
4294967279,384
4294967279,254
4294967294,44
4294967294,53
4294967278,308
4294967278,235
4294967278,232
4294967294,393
4294967294,45
4294967294,958
4294967294,419
4294967294,2
4294967294,28
4294967294,955
4294967294,29
4294967294,924
4294967278,412
4294967279,226
161,6
161,5
161,4
4294967278,220
161,3
161,2
161,1
4294967278,217
4294967294,50
4294967279,217
4294967278,215
4294967279,280
4294967279,0
4294967294,36
4294967294,40
4294967294,39
4294967294,91
4294967294,90
4294967294,87
4294967294,86
4294967294,85
4294967279,427
4294967294,84
4294967278,209
4294967294,94
4294967294,96
4294967278,206
4294967279,209
4294967279,208
4294967279,206
4294967278,204
4294967278,203
4294967278,202
158,4
158,3
158,2
158,1
4294967278,389
157,5
157,4
157,3
157,2
157,1
4294967279,299
4294967294,1359
4294967294,120
156,6
4294967294,46
156,5
156,4
4294967279,186
156,3
156,2
156,1
4294967294,1358
4294967279,400
4294967294,160
4294967294,468
4294967278,411
4294967278,347
4294967279,180
4294967294,8
4294967294,1
4294967294,1356
4294967294,25
4294967294,5
4294967294,9
4294967294,17
4294967294,99
4294967294,76
4294967294,27
4294967294,52
4294967294,1357
4294967294,41
4294967294,417
4294967294,42
4294967279,173
4294967294,7
4294967294,22
4294967294,93
4294967294,95
4294967294,92
4294967294,88
4294967294,81
4294967294,1355
4294967294,11
4294967294,68
4294967278,132
4294967278,131
4294967278,130
4294967278,129
4294967278,128
4294967278,127
4294967278,126
4294967278,125
4294967278,124
4294967278,123
4294967278,122
4294967278,121
4294967278,120
4294967278,119
4294967278,118
4294967278,117
4294967278,116
4294967278,115
4294967278,114
4294967278,113
4294967278,112
4294967278,111
4294967278,110
4294967278,109
4294967278,108
4294967278,107
4294967278,106
4294967278,105
4294967278,104
4294967278,103
4294967278,102
4294967278,101
4294967278,100
4294967278,99
4294967278,98
4294967278,97
4294967278,96
4294967278,95
4294967278,94
4294967278,93
4294967278,92
